$0
 0 0 1 0 19 245
 444 0 1 67 1 80
 0 0 1 0 0 0
 0 0 1 0 0 255
 0 0 1 0 18 65
 32760 0 1 180 223 76
 0 0 1 0 3 255
 444 0 1 67 0 128
 0 0 1 0 0 0
 0 0 1 0 0 54
 0 0 1 0 0 4
 0 0 1 0 1 180
 0 0 1 0 3 255
 0 0 1 55 1 54
 444 0 1 67 22 168
 0 0 1 0 0 2
 0 0 1 0 0 1
202 0 4 0 0 0 0
 32760 0 1 173 208 80
 0 0 1 0 36 0
 444 0 1 67 0 0
 26 0 1 214 238 180
 0 0 1 0 0 1
 32760 0 1 173 208 80
 0 0 1 0 0 0
 32760 0 1 173 208 80
411 0 0 0 0 0 1
 32760 0 1 6 0 6
 0 0 1 67 1 1
511 3 0 0 0 0 1
601 4 7 0 0 0 0
611 4 0 0 0 0 1
 444 0 134 67 3 32

