$7
101 0 6 0 0 0 0
102 1 6 0 0 0 0
103 2 6 0 0 0 0
104 3 6 0 0 0 0
105 4 6 0 0 0 0
106 5 6 0 0 0 0
107 6 5 0 0 1 0
108 7 6 0 0 0 0
111 0 3 0 0 1 1
112 1 1 0 0 0 1
113 2 1 0 0 0 1
114 3 3 0 0 1 1
115 4 3 0 0 1 1
116 5 2 0 0 1 1
117 6 1 0 0 0 1
118 7 1 0 0 0 1
201 2 7 0 0 0 0
202 2 0 0 0 1 0
211 2 0 1 0 0 1
212 5 0 0 0 0 1
301 1 7 0 0 0 0
302 6 7 0 0 0 0
311 1 0 0 0 0 1
312 6 0 0 0 0 1
401 0 7 0 0 0 0
402 7 7 0 0 0 0
411 0 0 0 0 0 1
412 7 0 0 0 0 1
501 3 7 0 0 0 0
511 3 0 0 0 0 1
601 5 7 0 0 1 0
611 4 0 0 0 0 1
115 4 2 1 0 0 1

