$7
 0 0 0 0 19 245
 416 0 78 11 1 80
 0 0 0 0 0 0
 0 0 0 0 0 255
 0 0 0 0 18 65
 32767 0 87 64 223 76
 0 0 0 0 3 255
 416 0 79 11 0 128
 0 0 0 0 0 0
 0 0 0 0 0 91
 0 0 0 0 0 4
 0 0 0 0 1 180
 0 0 0 0 3 255
 0 0 0 232 1 233
 416 0 78 11 22 168
 0 0 0 0 0 2
 0 0 0 0 0 1
 0 0 0 232 1 233
 32767 0 95 52 208 80
 0 0 1 0 36 0
 416 0 78 11 0 0
 16 0 159 131 233 164
 0 0 0 0 0 1
 32767 0 95 52 208 80
 0 0 0 0 0 0
 32767 0 95 52 208 80
 0 0 254 127 3 132
 32766 0 231 183 112 16
 0 0 20 11 1 1
 32766 0 15 0 170 112
 416 0 20 11 86 48
 0 0 0 0 0 0
 416 0 20 11 3 32

