$0
 0 0 0 0 19 245
 435 0 99 36 1 80
 0 0 0 0 0 0
 0 0 0 0 0 255
 0 0 0 0 18 65
 32767 0 87 64 223 76
 0 0 0 0 3 255
 435 0 100 36 0 128
 0 0 0 0 0 0
 0 0 0 0 0 91
 0 0 0 0 0 4
 0 0 0 0 1 180
 0 0 0 0 3 255
 0 0 0 232 1 233
 435 0 99 36 22 168
 0 0 0 0 0 2
 0 0 0 0 0 1
 0 0 0 232 1 233
 32767 0 150 53 208 80
 0 0 1 0 36 0
 435 0 99 36 0 0
 11 0 159 249 239 4
 0 0 0 0 0 1
 32767 0 150 53 208 80
 0 0 0 0 0 0
 32767 0 150 53 208 80
 0 0 254 127 3 132
 32766 0 231 183 112 16
 435 0 74 36 115 224
 32766 0 15 0 170 112
 435 0 74 36 86 48
 0 0 0 0 0 0
 435 0 74 36 3 32

